              precision    recall  f1-score   support

           3       0.00      0.00      0.00         2
           4       0.00      0.00      0.00        11
           5       0.68      0.73      0.70       136
           6       0.62      0.70      0.65       128
           7       0.72      0.53      0.61        40
           8       0.00      0.00      0.00         3

    accuracy                           0.65       320
   macro avg       0.34      0.32      0.33       320
weighted avg       0.63      0.65      0.64       320
