              precision    recall  f1-score   support

           3       0.00      0.00      0.00         2
           4       0.00      0.00      0.00        11
           5       0.62      0.76      0.68       136
           6       0.50      0.59      0.54       128
           7       0.00      0.00      0.00        40
           8       0.00      0.00      0.00         3

    accuracy                           0.56       320
   macro avg       0.19      0.23      0.20       320
weighted avg       0.46      0.56      0.51       320
