              precision    recall  f1-score   support

           3       0.00      0.00      0.00         2
           4       0.00      0.00      0.00        11
           5       0.62      0.72      0.67       136
           6       0.53      0.62      0.57       128
           7       0.75      0.23      0.35        40
           8       0.00      0.00      0.00         3

    accuracy                           0.58       320
   macro avg       0.32      0.26      0.26       320
weighted avg       0.57      0.58      0.55       320
