              precision    recall  f1-score   support

           3       0.00      0.00      0.00         2
           4       0.00      0.00      0.00        11
           5       0.71      0.74      0.72       136
           6       0.62      0.73      0.67       128
           7       0.70      0.47      0.57        40
           8       0.00      0.00      0.00         3

    accuracy                           0.66       320
   macro avg       0.34      0.32      0.33       320
weighted avg       0.64      0.66      0.64       320
