              precision    recall  f1-score   support

           3       0.00      0.00      0.00         2
           4       0.00      0.00      0.00        11
           5       0.71      0.74      0.72       136
           6       0.62      0.73      0.67       128
           7       0.76      0.47      0.58        40
           8       0.50      0.33      0.40         3

    accuracy                           0.67       320
   macro avg       0.43      0.38      0.40       320
weighted avg       0.65      0.67      0.65       320
