              precision    recall  f1-score   support

           3       0.00      0.00      0.00         2
           4       0.00      0.00      0.00        11
           5       0.62      0.66      0.64       136
           6       0.54      0.66      0.59       128
           7       0.72      0.33      0.45        40
           8       0.00      0.00      0.00         3

    accuracy                           0.58       320
   macro avg       0.31      0.27      0.28       320
weighted avg       0.57      0.58      0.56       320
