              precision    recall  f1-score   support

           3       0.00      0.00      0.00         2
           4       0.00      0.00      0.00        11
           5       0.62      0.71      0.66       136
           6       0.51      0.57      0.54       128
           7       0.53      0.25      0.34        40
           8       0.00      0.00      0.00         3

    accuracy                           0.56       320
   macro avg       0.28      0.26      0.26       320
weighted avg       0.53      0.56      0.54       320
