              precision    recall  f1-score   support

           3       0.02      0.50      0.04         2
           4       0.21      0.27      0.24        11
           5       0.52      0.47      0.49       136
           6       0.49      0.30      0.37       128
           7       0.33      0.38      0.35        40
           8       0.00      0.00      0.00         3

    accuracy                           0.38       320
   macro avg       0.26      0.32      0.25       320
weighted avg       0.47      0.38      0.41       320
