              precision    recall  f1-score   support

           3       0.00      0.00      0.00         2
           4       0.00      0.00      0.00        11
           5       0.72      0.75      0.74       136
           6       0.64      0.73      0.68       128
           7       0.73      0.55      0.63        40
           8       0.50      0.33      0.40         3

    accuracy                           0.68       320
   macro avg       0.43      0.39      0.41       320
weighted avg       0.66      0.68      0.67       320
