              precision    recall  f1-score   support

           3       0.00      0.00      0.00         2
           4       0.25      0.09      0.13        11
           5       0.68      0.71      0.70       136
           6       0.64      0.65      0.64       128
           7       0.63      0.65      0.64        40
           8       0.50      0.33      0.40         3

    accuracy                           0.65       320
   macro avg       0.45      0.41      0.42       320
weighted avg       0.64      0.65      0.64       320
