              precision    recall  f1-score   support

           3       0.01      0.50      0.02         2
           4       0.25      0.27      0.26        11
           5       0.52      0.29      0.38       136
           6       0.54      0.35      0.42       128
           7       0.35      0.40      0.37        40
           8       0.00      0.00      0.00         3

    accuracy                           0.33       320
   macro avg       0.28      0.30      0.24       320
weighted avg       0.49      0.33      0.39       320
