              precision    recall  f1-score   support

           3       0.00      0.00      0.00         2
           4       0.00      0.00      0.00        11
           5       0.64      0.67      0.65       136
           6       0.56      0.65      0.60       128
           7       0.50      0.35      0.41        40
           8       1.00      0.33      0.50         3

    accuracy                           0.59       320
   macro avg       0.45      0.33      0.36       320
weighted avg       0.57      0.59      0.57       320
