              precision    recall  f1-score   support

           3       0.00      0.00      0.00         2
           4       0.00      0.00      0.00        11
           5       0.61      0.72      0.66       136
           6       0.51      0.61      0.55       128
           7       0.60      0.07      0.13        40
           8       0.00      0.00      0.00         3

    accuracy                           0.56       320
   macro avg       0.29      0.23      0.22       320
weighted avg       0.54      0.56      0.52       320
