              precision    recall  f1-score   support

           3       0.00      0.00      0.00         2
           4       0.00      0.00      0.00        11
           5       0.52      0.63      0.57       136
           6       0.48      0.50      0.49       128
           7       0.25      0.12      0.17        40
           8       0.00      0.00      0.00         3

    accuracy                           0.48       320
   macro avg       0.21      0.21      0.20       320
weighted avg       0.44      0.48      0.46       320
