              precision    recall  f1-score   support

           3       0.00      0.00      0.00         2
           4       0.00      0.00      0.00        11
           5       0.62      0.66      0.64       136
           6       0.53      0.62      0.57       128
           7       0.62      0.38      0.47        40
           8       0.00      0.00      0.00         3

    accuracy                           0.58       320
   macro avg       0.30      0.28      0.28       320
weighted avg       0.55      0.58      0.56       320
